gerrit
======
unlegacy	905	113	1018
		657	256	913
android		968	733	1701
		1048	2730	3778
chromium	953	339	1292
		645	761	1406
cloudera	1649	116	1765
		1963	373	2336
eclipse		1042	185	1227
		1172	416	1588
go		1133	332	1465
		1336	1023	2359
libreoffice	1589	105	1694
		1663	197	1860
opencord	1386	38	1424
		2546	130	2676
openstack	854	747	1604
		1761	2580	4341
qt		1472	305	1777
		1713	1170	2883
onap		1708	45	1753
		3077	316	3393
openbmc		1657	228	1585
		2335	1461	3796
opendaylight	1742	55	1797
		1921	96	2017
FDio		1482	162	1644
		1663	343	2006
gerrit		1486	114	1600
		1822	233	2055			
LineageOS	587	17	604
		912	52	964
mano		1560	113	1673
		2234	208	2442
oransc		1695	12	1707
		2747	18	2765
pixel		1726	0	1726
		2057	0	2057
softwarefactory	1586	69	1655
		2371	184	2555

github
======
